pedestrian,2141,781,53,97
pedestrian,1004,948,53,110
pedestrian,1348,954,49,110
pedestrian,1294,886,44,102
pedestrian,2359,648,34,77
pedestrian,2407,633,42,87
pedestrian,973,921,49,99
pedestrian,385,657,49,91
pedestrian,2106,510,35,64
pedestrian,2344,824,53,77
pedestrian,2312,741,43,69
pedestrian,2172,583,36,76
pedestrian,2401,843,42,61
pedestrian,2667,714,45,103
pedestrian,2450,915,60,130
pedestrian,2301,612,32,57
pedestrian,912,930,37,73
pedestrian,2271,689,38,93
pedestrian,2139,564,36,81
pedestrian,2367,538,33,74
pedestrian,2317,544,37,70
pedestrian,2212,407,34,68
pedestrian,2186,812,38,77
pedestrian,2121,445,45,76
pedestrian,2234,510,34,66
pedestrian,175,795,47,101
pedestrian,2428,634,28,67
pedestrian,295,773,44,89
pedestrian,2395,640,36,74
pedestrian,2277,145,41,92
pedestrian,2184,444,41,79
pedestrian,2408,923,44,122
pedestrian,2246,630,34,67
pedestrian,2637,853,68,117
pedestrian,2363,905,63,100
pedestrian,2254,876,70,107
pedestrian,458,646,45,80
pedestrian,2276,556,31,67
people,1501,360,38,48
people,1811,577,37,53
people,2216,557,30,56
people,759,897,77,97
people,2262,864,48,73
people,2209,696,44,35
people,947,484,55,79
car,1743,391,71,53
car,754,708,183,129
car,340,754,223,144
car,1833,473,81,80
car,1496,767,129,144
car,1396,466,80,69
van,1964,583,137,103
truck,1185,929,144,223
tricycle,2093,673,132,134
tricycle,1776,423,74,69
tricycle,935,499,87,88
tricycle,771,398,127,110
motor,1807,589,48,57
motor,1747,279,53,27
motor,1498,367,46,48
