pedestrian,1866,903,55,106
pedestrian,1004,987,56,112
pedestrian,1065,1021,63,118
pedestrian,1763,839,46,91
pedestrian,1796,895,48,92
pedestrian,2172,533,28,61
pedestrian,1843,883,47,95
pedestrian,2443,712,43,63
pedestrian,1872,110,31,63
pedestrian,282,975,63,126
pedestrian,380,892,55,127
pedestrian,470,874,49,93
pedestrian,1907,110,34,72
pedestrian,2201,529,28,55
pedestrian,2557,800,41,100
pedestrian,2297,561,32,58
pedestrian,509,716,51,86
pedestrian,1804,845,33,67
pedestrian,1921,190,27,39
pedestrian,293,900,57,107
pedestrian,438,754,80,227
pedestrian,1012,1025,42,77
pedestrian,207,999,62,118
pedestrian,2220,574,27,57
pedestrian,1483,64,71,111
people,1418,1087,68,113
people,2003,829,78,109
people,1007,582,41,59
people,456,764,52,79
people,2608,775,45,73
people,405,798,73,76
people,228,910,49,91
people,2657,656,57,64
car,641,723,127,143
car,1211,658,162,148
car,1579,1066,272,247
car,1155,844,160,181
car,1481,789,211,161
car,1072,436,120,63
car,2355,732,168,115
truck,30,711,437,343
motor,1409,1118,97,126
motor,1995,853,103,103
motor,994,595,57,69
