pedestrian,1894,791,52,103
pedestrian,1678,613,41,61
pedestrian,1575,852,49,104
pedestrian,305,1016,58,124
pedestrian,1512,824,44,105
pedestrian,193,708,60,91
pedestrian,326,745,51,99
pedestrian,408,904,57,118
pedestrian,1590,363,29,47
pedestrian,1892,452,28,57
pedestrian,637,756,48,92
pedestrian,264,1090,71,144
pedestrian,1853,796,42,88
pedestrian,284,941,52,118
pedestrian,1919,460,28,56
pedestrian,238,960,48,114
pedestrian,1754,643,31,50
pedestrian,2165,729,37,66
pedestrian,2058,572,37,70
pedestrian,101,1184,60,112
pedestrian,1704,380,23,46
pedestrian,2101,455,40,76
pedestrian,1767,439,23,56
pedestrian,215,1054,65,158
pedestrian,219,694,55,92
pedestrian,1716,631,30,53
pedestrian,1843,472,27,44
pedestrian,1992,405,38,71
pedestrian,2132,702,48,87
pedestrian,2540,603,55,100
pedestrian,1979,684,47,85
pedestrian,2659,430,44,70
pedestrian,95,755,61,107
pedestrian,1538,856,35,77
pedestrian,2198,475,30,77
pedestrian,2461,539,44,81
pedestrian,2275,730,42,89
pedestrian,1739,370,24,52
pedestrian,1952,460,26,57
pedestrian,2187,709,44,81
pedestrian,289,945,69,157
people,1346,505,40,61
people,2636,380,43,53
people,1273,827,57,97
people,1559,855,47,88
car,1598,665,218,106
car,1260,745,218,138
car,563,390,108,72
car,513,741,140,147
car,1057,324,92,56
car,887,479,145,115
car,366,317,139,113
car,1299,389,87,69
car,543,359,127,106
van,1558,454,130,77
motor,1339,527,58,55
motor,1268,848,74,95
motor,667,556,43,54
