pedestrian,1091,965,53,117
pedestrian,2173,825,53,101
pedestrian,1714,769,43,97
pedestrian,2223,649,42,67
pedestrian,1834,835,47,105
pedestrian,1134,983,60,114
pedestrian,288,917,60,122
pedestrian,1770,811,47,100
pedestrian,212,1005,59,117
pedestrian,1751,425,30,50
pedestrian,2104,516,31,64
pedestrian,384,720,52,96
pedestrian,132,1022,59,128
pedestrian,1804,802,38,85
pedestrian,379,883,52,102
pedestrian,1762,775,38,83
pedestrian,2585,576,33,82
pedestrian,194,922,58,113
pedestrian,2516,552,64,117
pedestrian,2626,519,37,61
pedestrian,2156,662,32,73
pedestrian,2027,506,32,50
pedestrian,2141,815,44,98
pedestrian,1723,389,29,45
pedestrian,240,874,52,90
pedestrian,332,754,54,92
pedestrian,1262,926,64,120
pedestrian,2260,646,41,62
pedestrian,1929,423,29,55
pedestrian,2036,511,35,69
pedestrian,273,561,62,114
pedestrian,1705,447,33,70
pedestrian,1892,439,27,50
pedestrian,2442,475,34,57
pedestrian,2431,529,30,62
pedestrian,2643,529,37,69
pedestrian,2088,519,27,56
people,1264,920,58,111
people,800,498,42,57
people,1943,466,35,45
people,307,787,60,76
people,2019,911,69,113
people,2389,433,44,62
car,914,319,75,52
car,535,730,123,146
car,1025,585,128,110
car,1498,418,88,69
car,1312,686,199,161
car,1362,844,232,195
car,1298,342,80,57
car,981,701,147,133
van,1717,492,154,86
truck,2,744,331,374
tricycle,1941,548,133,108
tricycle,698,265,63,55
tricycle,696,508,180,162
motor,1254,950,80,110
motor,604,150,84,55
motor,2001,929,104,122
motor,1205,408,38,34
motor,916,315,78,56
