pedestrian,728,944,61,115
pedestrian,2497,894,54,97
pedestrian,215,963,62,118
pedestrian,2381,832,42,67
pedestrian,2073,956,60,106
pedestrian,2289,730,42,71
pedestrian,2315,639,38,77
pedestrian,2006,932,63,116
pedestrian,2083,820,44,86
pedestrian,2434,919,47,108
pedestrian,2366,643,35,66
pedestrian,457,888,59,109
pedestrian,2277,675,33,75
pedestrian,2098,547,36,71
pedestrian,140,943,70,132
pedestrian,439,733,54,102
pedestrian,2323,817,44,82
pedestrian,206,776,52,113
pedestrian,274,763,49,94
pedestrian,2262,556,29,59
pedestrian,2054,833,41,74
pedestrian,2407,899,46,100
pedestrian,2676,700,41,105
pedestrian,2259,601,33,74
pedestrian,441,631,45,82
pedestrian,2225,536,28,58
pedestrian,2545,946,47,101
pedestrian,2138,577,28,68
pedestrian,2213,638,27,54
pedestrian,2150,483,28,58
pedestrian,2171,427,28,56
pedestrian,2604,645,28,61
pedestrian,2585,704,30,76
pedestrian,2127,489,26,56
pedestrian,2251,142,37,95
pedestrian,2372,598,31,60
pedestrian,155,782,58,111
pedestrian,2348,897,43,78
pedestrian,2641,852,44,81
pedestrian,1858,437,40,57
pedestrian,2044,497,27,57
pedestrian,2543,813,41,72
pedestrian,2242,603,30,67
pedestrian,2513,958,48,90
pedestrian,2593,796,53,88
pedestrian,2142,441,26,51
pedestrian,2238,853,40,67
pedestrian,2082,489,28,62
pedestrian,2145,569,29,68
people,2345,898,53,81
people,2384,828,44,72
people,1993,542,38,46
people,2189,692,41,39
people,1880,1062,54,106
people,2192,552,28,58
people,1976,538,37,44
people,2241,858,54,94
people,924,481,58,85
people,2450,594,47,66
bicycle,1804,1090,167,94
car,709,626,116,103
car,1721,388,70,52
car,2236,818,178,160
car,1648,317,56,42
car,1800,459,96,96
car,1731,399,101,95
van,1942,584,137,94
tricycle,1806,466,88,88
tricycle,1748,427,89,66
tricycle,1763,1065,182,127
tricycle,1354,336,87,114
tricycle,1304,179,72,53
tricycle,2134,543,63,59
tricycle,2081,677,112,127
tricycle,1579,251,79,78
motor,2331,903,74,82
motor,1730,278,47,26
